1102,1.329,Simp4Wris,469,353,11,13,45.83,469891225085018115
997,0.767,masoof1,33,43,2,1,66.67,591720726604808217
980,0.824,Liezor,28,34,0,2,0.00,730041094800277504
989,0.656,xiec,21,32,1,1,50.00,640652752988536837
847,0.854,LordBaller,403,472,10,22,31.25,328616485360631811
1105,1.420,ILoveMages,544,383,10,18,35.71,263113168925097984
1032,1.735,screamachine,59,34,2,1,66.67,310569160554053632
1012,1.066,Brasskicker,81,76,3,2,60.00,239797641096069122
995,0.400,Nutellabro,8,20,1,0,100.00,708122293578104842
981,0.457,Biscvits,16,35,1,1,50.00,190948451717087232
1010,1.065,1bonka,278,261,9,10,47.37,583015705658523718
991,0.710,USLEE,22,31,1,1,50.00,213709510227918851
1005,0.958,Bevn,46,48,2,1,66.67,197515463213842432
951,0.828,prqo1tapper,304,367,15,13,53.57,258789715770081281
1035,1.073,Neshe,205,191,9,6,60.00,233744752116367362
997,0.967,Asurey,87,90,3,3,50.00,215659643765129216
1017,0.905,ATteam5,171,189,9,4,69.23,332930702175895553
1092,1.328,Mrster3,231,174,9,4,69.23,327974918727925760
953,0.701,ItzBiscuit,94,134,4,5,44.44,708089844609318973
1068,1.126,BigSlap,358,318,14,10,58.33,710891651068854363
1042,1.102,kvdg,151,137,7,3,70.00,210091357207920650
963,0.464,Toolchests,26,56,1,2,33.33,0,150813343412649984
864,0.566,Totalio,159,281,8,10,44.44,926180054000627772
1009,0.870,Classkicker,80,92,5,2,71.43,459141984444219392
990,1.033,hitches,126,122,3,5,37.50,337793873675943968
997,0.979,TisforTiger,140,143,5,5,50.00,543226211975823370
1066,1.371,ghostpinged,192,140,6,4,60.00,606225298802999306
953,0.826,vmin,322,390,14,11,56.00,301374327746461700
1073,1.228,Matlog,167,136,8,2,80.00,297530244208787456
removed
990,0.824,civilized_person,14,17,0,1,0.00,438777642108321802
1012,1.185,_Blacklizard,346,292,8,14,36.36,413975261814587393
1012,1.417,Gingr,17,12,1,0,100.00,244564813274021888
1025,1.034,bluepandaone,121,117,6,3,66.67,301461731086172182
963,0.754,W0SY,199,264,11,7,61.11,432708708565254155
1180,1.697,ToggledAim,319,188,11,4,73.33,413069380541218827
776,0.825,Vilten,525,636,15,29,34.09,561597886303830017
1045,1.222,Tikru5,132,108,6,3,66.67,244782142683480066
984,0.813,Kuixin,39,48,1,2,33.33,622867477377843221
1067,1.356,Complextual,202,149,6,4,60.00,849242076402286602
986,0.825,FearFierce,165,200,8,5,61.54,568859263343263775
1045,0.972,_brxnna,141,145,9,2,81.82,595028304168222720
908,0.682,BackProblems,122,179,3,8,27.27,209707850228957184
992,0.947,UnluckyBlaze,18,19,0,1,0.00,517886258257592321
removed
1013,1.088,smwoothy,74,68,3,2,60.00,177122719664570368
1009,0.955,Coyu,105,110,5,3,62.50,262394585269927936
990,0.800,kiieee,12,15,0,1,0.00,237170020193533953
993,0.222,CanadianSooki,4,18,1,0,100.00,265898598342983701
996,1.159,Chirs,73,63,1,3,25.00,203266590387470337
998,1.400,PlusOneBen,42,30,0,2,0.00,178592605112762368
991,0.679,WallahiBrother,19,28,1,1,50.00,677410721297858560
removed
873,0.576,iprecci,125,217,5,10,33.33,361747098762477569
1025,1.056,CUDIXX,75,71,4,1,80.00,464159542205480980
1000,1.071,Firechief89,106,99,3,4,42.86,587393266983632920
997,1.355,Theangy,42,31,0,2,0.00,563788694469738507
953,0.784,Particularity,69,88,1,5,16.67,449750467082190849
968,0.933,FireLord014,56,60,0,4,0.00,713877662908678175
1015,1.254,Weaselify,74,59,2,2,50.00,281896169955917825
1013,2.000,xM1Y,12,6,1,0,100.00,243484221765582848
removed
removed
removed
removed
removed
removed
removed
removed
removed
